hash
pthread_lock
number: 1000
0.000 0.001 0.000 0.000 0.000 0.000 0.000 0.000 0.001 0.001 0.001 0.001 0.001 0.004 0.004 0.002 0.005 0.004 0.002 0.002 
number: 10000
0.001 0.002 0.004 0.003 0.003 0.015 0.009 0.005 0.012 0.014 0.005 0.016 0.013 0.010 0.023 0.013 0.015 0.020 0.021 0.018 
number: 100000
0.008 0.024 0.035 0.043 0.050 0.061 0.078 0.089 0.103 0.112 0.114 0.145 0.137 0.147 0.169 0.170 0.184 0.218 0.213 0.241 
number: 1000000
0.101 0.219 0.368 0.523 0.637 0.742 0.881 1.127 1.179 1.274 1.498 1.603 1.747 1.886 2.002 2.138 2.522 2.324 2.581 2.671 
hash
spinlock
number: 1000
0.000 0.001 0.000 0.001 0.001 0.001 0.001 0.001 0.001 0.002 0.001 0.017 0.001 0.002 0.012 0.013 0.002 0.005 0.001 0.014 
number: 10000
0.001 0.001 0.002 0.001 0.008 0.004 0.006 0.006 0.012 0.010 0.016 0.019 0.027 0.050 0.016 0.014 0.070 0.089 0.046 0.049 
number: 100000
0.008 0.015 0.027 0.045 0.062 0.077 0.223 0.225 0.232 0.260 0.402 0.385 0.405 0.573 0.763 0.783 0.791 0.855 1.180 1.321 
number: 1000000
0.081 0.179 0.367 0.578 0.976 1.444 2.135 3.128 3.428 4.350 5.318 6.382 7.851 8.824 10.998 12.174 14.209 14.249 15.910 18.053 
hash
mutex
number: 1000
0.001 0.000 0.001 0.001 0.002 0.002 0.002 0.003 0.003 0.003 0.003 0.004 0.004 0.005 0.009 0.005 0.006 0.006 0.006 0.006 
number: 10000
0.003 0.011 0.008 0.013 0.023 0.017 0.025 0.024 0.029 0.033 0.036 0.038 0.043 0.036 0.050 0.048 0.057 0.058 0.062 0.066 
number: 100000
0.032 0.057 0.095 0.125 0.160 0.202 0.221 0.270 0.320 0.315 0.366 0.404 0.447 0.483 0.493 0.523 0.559 0.479 0.616 0.650 
number: 1000000
0.311 0.575 0.942 1.344 1.654 2.019 2.410 2.792 3.229 3.236 3.712 4.139 4.874 5.182 5.288 5.538 5.965 6.454 6.549 7.290 
hash
two_phase
number: 1000
0.000 0.000 0.001 0.000 0.001 0.000 0.001 0.001 0.002 0.001 0.002 0.001 0.001 0.001 0.001 0.001 0.002 0.002 0.003 0.001 
number: 10000
0.001 0.001 0.004 0.008 0.004 0.004 0.003 0.005 0.018 0.008 0.008 0.013 0.010 0.014 0.013 0.012 0.020 0.017 0.017 0.019 
number: 100000
0.014 0.013 0.041 0.037 0.049 0.069 0.084 0.093 0.106 0.139 0.152 0.157 0.164 0.189 0.187 0.231 0.228 0.226 0.255 0.262 
number: 1000000
0.092 0.192 0.349 0.474 0.589 0.715 0.885 1.115 1.277 1.472 1.599 1.813 1.949 2.056 2.192 2.169 3.160 3.531 2.995 3.039 
