list
pthread_lock
number: 1000
0.000 0.000 0.000 0.001 0.001 0.001 0.002 0.002 0.001 0.002 0.003 0.003 0.004 0.007 0.005 0.002 0.004 0.003 0.004 0.004 
number: 10000
0.001 0.004 0.006 0.005 0.010 0.012 0.016 0.016 0.016 0.019 0.021 0.026 0.026 0.026 0.029 0.032 0.026 0.037 0.037 0.040 
number: 100000
0.007 0.024 0.026 0.043 0.092 0.093 0.140 0.129 0.142 0.178 0.212 0.219 0.208 0.242 0.255 0.294 0.289 0.331 0.341 0.375 
number: 1000000
0.071 0.314 0.426 0.679 0.868 1.018 1.202 1.388 1.579 1.685 1.884 1.890 2.419 2.286 2.613 2.860 2.946 3.039 3.161 3.542 
list
spinlock
number: 1000
0.001 0.000 0.000 0.001 0.000 0.000 0.002 0.001 0.003 0.005 0.012 0.004 0.003 0.002 0.003 0.010 0.002 0.003 0.006 0.003 
number: 10000
0.001 0.003 0.008 0.012 0.011 0.016 0.022 0.034 0.015 0.036 0.088 0.059 0.034 0.129 0.084 0.124 0.066 0.215 0.169 0.107 
number: 100000
0.006 0.027 0.064 0.096 0.186 0.263 0.236 0.360 0.359 0.557 0.710 0.902 1.200 1.465 1.167 1.627 1.110 2.292 1.726 2.561 
number: 1000000
0.067 0.241 0.694 1.280 2.120 2.246 3.443 3.500 6.526 5.247 9.337 11.139 13.602 11.339 11.735 21.190 23.159 24.122 28.095 23.199 
list
mutex
number: 1000
0.001 0.000 0.001 0.002 0.001 0.003 0.003 0.004 0.006 0.005 0.005 0.005 0.004 0.005 0.007 0.007 0.008 0.005 0.007 0.008 
number: 10000
0.003 0.004 0.009 0.012 0.019 0.022 0.014 0.031 0.035 0.038 0.040 0.043 0.046 0.057 0.061 0.052 0.057 0.073 0.072 0.081 
number: 100000
0.025 0.052 0.099 0.130 0.182 0.232 0.258 0.308 0.323 0.366 0.400 0.445 0.480 0.503 0.530 0.550 0.599 0.679 0.748 0.762 
number: 1000000
0.273 0.514 0.975 1.454 1.849 2.238 2.638 2.918 3.420 3.612 3.911 4.421 4.977 5.169 5.602 5.976 6.357 6.978 7.286 7.679 
list
two_phase
number: 1000
0.000 0.001 0.000 0.001 0.000 0.001 0.000 0.002 0.003 0.004 0.003 0.003 0.004 0.005 0.011 0.002 0.004 0.006 0.006 0.005 
number: 10000
0.001 0.002 0.007 0.009 0.014 0.017 0.021 0.023 0.026 0.030 0.032 0.033 0.039 0.043 0.050 0.062 0.054 0.059 0.058 0.059 
number: 100000
0.009 0.030 0.085 0.105 0.114 0.181 0.220 0.247 0.263 0.311 0.347 0.328 0.396 0.432 0.460 0.498 0.537 0.546 0.579 0.620 
number: 1000000
0.078 0.383 0.707 1.072 1.412 1.785 2.076 2.414 2.710 3.026 3.347 3.595 4.036 4.261 4.448 4.945 5.366 5.609 5.899 6.252 
